1455
1467
1470
1515
1518
1530
1647
1659
1662
1899
1902
1914
1695
1755
1758
1947
1950
2010
1719
1767
1782
1959
1974
2022
1725
1773
1785
1965
1977
2025
2415
2427
2430
3435
3438
3450
2463
2523
2526
3483
3486
3546
2487
2535
2550
3495
3510
3558
2493
2541
2553
3501
3513
3561
2655
2907
2910
3675
3678
3930
2679
2919
2934
3687
3702
3942
2685
2925
2937
3693
3705
3945
2775
2967
3030
3735
3798
3990
2781
2973
3033
3741
3801
3993
2805
2997
3045
3765
3813
4005
4527
4539
4542
4587
4590
4602
4719
4731
4734
4971
4974
4986
4767
4827
4830
5019
5022
5082
4791
4839
4854
5031
5046
5094
4797
4845
4857
5037
5049
5097
8559
8571
8574
12651
12654
12666
8607
8667
8670
12699
12702
12762
8631
8679
8694
12711
12726
12774
8637
8685
8697
12717
12729
12777
8799
9051
9054
12891
12894
13146
8823
9063
9078
12903
12918
13158
8829
9069
9081
12909
12921
13161
8919
9111
9174
12951
13014
13206
8925
9117
9177
12957
13017
13209
8949
9141
9189
12981
13029
13221
5295
5307
5310
5355
5358
5370
6255
6267
6270
7275
7278
7290
6303
6363
6366
7323
7326
7386
6327
6375
6390
7335
7350
7398
6333
6381
6393
7341
7353
7401
9327
9339
9342
13419
13422
13434
9375
9435
9438
13467
13470
13530
9399
9447
9462
13479
13494
13542
9405
9453
9465
13485
13497
13545
10335
11355
11358
14427
14430
15450
10359
11367
11382
14439
14454
15462
10365
11373
11385
14445
14457
15465
10455
11415
11478
14487
14550
15510
10461
11421
11481
14493
14553
15513
10485
11445
11493
14517
14565
15525
5679
5691
5694
5931
5934
5946
6447
6459
6462
7467
7470
7482
6687
6939
6942
7707
7710
7962
6711
6951
6966
7719
7734
7974
6717
6957
6969
7725
7737
7977
9519
9531
9534
13611
13614
13626
9759
10011
10014
13851
13854
14106
9783
10023
10038
13863
13878
14118
9789
10029
10041
13869
13881
14121
10527
11547
11550
14619
14622
15642
10551
11559
11574
14631
14646
15654
10557
11565
11577
14637
14649
15657
11031
11799
12054
14871
15126
15894
11037
11805
12057
14877
15129
15897
11061
11829
12069
14901
15141
15909
5775
5835
5838
6027
6030
6090
6543
6603
6606
7563
7566
7626
6735
6987
6990
7755
7758
8010
6855
7047
7110
7815
7878
8070
6861
7053
7113
7821
7881
8073
9615
9675
9678
13707
13710
13770
9807
10059
10062
13899
13902
14154
9927
10119
10182
13959
14022
14214
9933
10125
10185
13965
14025
14217
10575
11595
11598
14667
14670
15690
10695
11655
11718
14727
14790
15750
10701
11661
11721
14733
14793
15753
11079
11847
12102
14919
15174
15942
11085
11853
12105
14925
15177
15945
11205
11973
12165
15045
15237
16005
5811
5859
5874
6051
6066
6114
6579
6627
6642
7587
7602
7650
6771
7011
7026
7779
7794
8034
6867
7059
7122
7827
7890
8082
6897
7089
7137
7857
7905
8097
9651
9699
9714
13731
13746
13794
9843
10083
10098
13923
13938
14178
9939
10131
10194
13971
14034
14226
9969
10161
10209
14001
14049
14241
10611
11619
11634
14691
14706
15714
10707
11667
11730
14739
14802
15762
10737
11697
11745
14769
14817
15777
11091
11859
12114
14931
15186
15954
11121
11889
12129
14961
15201
15969
11217
11985
12177
15057
15249
16017
5820
5868
5880
6060
6072
6120
6588
6636
6648
7596
7608
7656
6780
7020
7032
7788
7800
8040
6876
7068
7128
7836
7896
8088
6900
7092
7140
7860
7908
8100
9660
9708
9720
13740
13752
13800
9852
10092
10104
13932
13944
14184
9948
10140
10200
13980
14040
14232
9972
10164
10212
14004
14052
14244
10620
11628
11640
14700
14712
15720
10716
11676
11736
14748
14808
15768
10740
11700
11748
14772
14820
15780
11100
11868
12120
14940
15192
15960
11124
11892
12132
14964
15204
15972
11220
11988
12180
15060
15252
16020
16815
16827
16830
16875
16878
16890
17007
17019
17022
17259
17262
17274
17055
17115
17118
17307
17310
17370
17079
17127
17142
17319
17334
17382
17085
17133
17145
17325
17337
17385
33135
33147
33150
49515
49518
49530
33183
33243
33246
49563
49566
49626
33207
33255
33270
49575
49590
49638
33213
33261
33273
49581
49593
49641
33375
33627
33630
49755
49758
50010
33399
33639
33654
49767
49782
50022
33405
33645
33657
49773
49785
50025
33495
33687
33750
49815
49878
50070
33501
33693
33753
49821
49881
50073
33525
33717
33765
49845
49893
50085
17583
17595
17598
17643
17646
17658
18543
18555
18558
19563
19566
19578
18591
18651
18654
19611
19614
19674
18615
18663
18678
19623
19638
19686
18621
18669
18681
19629
19641
19689
33903
33915
33918
50283
50286
50298
33951
34011
34014
50331
50334
50394
33975
34023
34038
50343
50358
50406
33981
34029
34041
50349
50361
50409
34911
35931
35934
51291
51294
52314
34935
35943
35958
51303
51318
52326
34941
35949
35961
51309
51321
52329
35031
35991
36054
51351
51414
52374
35037
35997
36057
51357
51417
52377
35061
36021
36069
51381
51429
52389
17967
17979
17982
18219
18222
18234
18735
18747
18750
19755
19758
19770
18975
19227
19230
19995
19998
20250
18999
19239
19254
20007
20022
20262
19005
19245
19257
20013
20025
20265
34095
34107
34110
50475
50478
50490
34335
34587
34590
50715
50718
50970
34359
34599
34614
50727
50742
50982
34365
34605
34617
50733
50745
50985
35103
36123
36126
51483
51486
52506
35127
36135
36150
51495
51510
52518
35133
36141
36153
51501
51513
52521
35607
36375
36630
51735
51990
52758
35613
36381
36633
51741
51993
52761
35637
36405
36645
51765
52005
52773
18063
18123
18126
18315
18318
18378
18831
18891
18894
19851
19854
19914
19023
19275
19278
20043
20046
20298
19143
19335
19398
20103
20166
20358
19149
19341
19401
20109
20169
20361
34191
34251
34254
50571
50574
50634
34383
34635
34638
50763
50766
51018
34503
34695
34758
50823
50886
51078
34509
34701
34761
50829
50889
51081
35151
36171
36174
51531
51534
52554
35271
36231
36294
51591
51654
52614
35277
36237
36297
51597
51657
52617
35655
36423
36678
51783
52038
52806
35661
36429
36681
51789
52041
52809
35781
36549
36741
51909
52101
52869
18099
18147
18162
18339
18354
18402
18867
18915
18930
19875
19890
19938
19059
19299
19314
20067
20082
20322
19155
19347
19410
20115
20178
20370
19185
19377
19425
20145
20193
20385
34227
34275
34290
50595
50610
50658
34419
34659
34674
50787
50802
51042
34515
34707
34770
50835
50898
51090
34545
34737
34785
50865
50913
51105
35187
36195
36210
51555
51570
52578
35283
36243
36306
51603
51666
52626
35313
36273
36321
51633
51681
52641
35667
36435
36690
51795
52050
52818
35697
36465
36705
51825
52065
52833
35793
36561
36753
51921
52113
52881
18108
18156
18168
18348
18360
18408
18876
18924
18936
19884
19896
19944
19068
19308
19320
20076
20088
20328
19164
19356
19416
20124
20184
20376
19188
19380
19428
20148
20196
20388
34236
34284
34296
50604
50616
50664
34428
34668
34680
50796
50808
51048
34524
34716
34776
50844
50904
51096
34548
34740
34788
50868
50916
51108
35196
36204
36216
51564
51576
52584
35292
36252
36312
51612
51672
52632
35316
36276
36324
51636
51684
52644
35676
36444
36696
51804
52056
52824
35700
36468
36708
51828
52068
52836
35796
36564
36756
51924
52116
52884
20655
20667
20670
20715
20718
20730
24687
24699
24702
28779
28782
28794
24735
24795
24798
28827
28830
28890
24759
24807
24822
28839
28854
28902
24765
24813
24825
28845
28857
28905
36975
36987
36990
53355
53358
53370
37023
37083
37086
53403
53406
53466
37047
37095
37110
53415
53430
53478
37053
37101
37113
53421
53433
53481
41055
45147
45150
57435
57438
61530
41079
45159
45174
57447
57462
61542
41085
45165
45177
57453
57465
61545
41175
45207
45270
57495
57558
61590
41181
45213
45273
57501
57561
61593
41205
45237
45285
57525
57573
61605
21039
21051
21054
21291
21294
21306
24879
24891
24894
28971
28974
28986
25119
25371
25374
29211
29214
29466
25143
25383
25398
29223
29238
29478
25149
25389
25401
29229
29241
29481
37167
37179
37182
53547
53550
53562
37407
37659
37662
53787
53790
54042
37431
37671
37686
53799
53814
54054
37437
37677
37689
53805
53817
54057
41247
45339
45342
57627
57630
61722
41271
45351
45366
57639
57654
61734
41277
45357
45369
57645
57657
61737
41751
45591
45846
57879
58134
61974
41757
45597
45849
57885
58137
61977
41781
45621
45861
57909
58149
61989
21135
21195
21198
21387
21390
21450
24975
25035
25038
29067
29070
29130
25167
25419
25422
29259
29262
29514
25287
25479
25542
29319
29382
29574
25293
25485
25545
29325
29385
29577
37263
37323
37326
53643
53646
53706
37455
37707
37710
53835
53838
54090
37575
37767
37830
53895
53958
54150
37581
37773
37833
53901
53961
54153
41295
45387
45390
57675
57678
61770
41415
45447
45510
57735
57798
61830
41421
45453
45513
57741
57801
61833
41799
45639
45894
57927
58182
62022
41805
45645
45897
57933
58185
62025
41925
45765
45957
58053
58245
62085
21171
21219
21234
21411
21426
21474
25011
25059
25074
29091
29106
29154
25203
25443
25458
29283
29298
29538
25299
25491
25554
29331
29394
29586
25329
25521
25569
29361
29409
29601
37299
37347
37362
53667
53682
53730
37491
37731
37746
53859
53874
54114
37587
37779
37842
53907
53970
54162
37617
37809
37857
53937
53985
54177
41331
45411
45426
57699
57714
61794
41427
45459
45522
57747
57810
61842
41457
45489
45537
57777
57825
61857
41811
45651
45906
57939
58194
62034
41841
45681
45921
57969
58209
62049
41937
45777
45969
58065
58257
62097
21180
21228
21240
21420
21432
21480
25020
25068
25080
29100
29112
29160
25212
25452
25464
29292
29304
29544
25308
25500
25560
29340
29400
29592
25332
25524
25572
29364
29412
29604
37308
37356
37368
53676
53688
53736
37500
37740
37752
53868
53880
54120
37596
37788
37848
53916
53976
54168
37620
37812
37860
53940
53988
54180
41340
45420
45432
57708
57720
61800
41436
45468
45528
57756
57816
61848
41460
45492
45540
57780
57828
61860
41820
45660
45912
57948
58200
62040
41844
45684
45924
57972
58212
62052
41940
45780
45972
58068
58260
62100
22575
22587
22590
23595
23598
23610
25647
25659
25662
29739
29742
29754
26655
27675
27678
30747
30750
31770
26679
27687
27702
30759
30774
31782
26685
27693
27705
30765
30777
31785
37935
37947
37950
54315
54318
54330
38943
39963
39966
55323
55326
56346
38967
39975
39990
55335
55350
56358
38973
39981
39993
55341
55353
56361
42015
46107
46110
58395
58398
62490
42039
46119
46134
58407
58422
62502
42045
46125
46137
58413
58425
62505
44055
47127
48150
59415
60438
63510
44061
47133
48153
59421
60441
63513
44085
47157
48165
59445
60453
63525
22671
22731
22734
23691
23694
23754
25743
25803
25806
29835
29838
29898
26703
27723
27726
30795
30798
31818
26823
27783
27846
30855
30918
31878
26829
27789
27849
30861
30921
31881
38031
38091
38094
54411
54414
54474
38991
40011
40014
55371
55374
56394
39111
40071
40134
55431
55494
56454
39117
40077
40137
55437
55497
56457
42063
46155
46158
58443
58446
62538
42183
46215
46278
58503
58566
62598
42189
46221
46281
58509
58569
62601
44103
47175
48198
59463
60486
63558
44109
47181
48201
59469
60489
63561
44229
47301
48261
59589
60549
63621
22707
22755
22770
23715
23730
23778
25779
25827
25842
29859
29874
29922
26739
27747
27762
30819
30834
31842
26835
27795
27858
30867
30930
31890
26865
27825
27873
30897
30945
31905
38067
38115
38130
54435
54450
54498
39027
40035
40050
55395
55410
56418
39123
40083
40146
55443
55506
56466
39153
40113
40161
55473
55521
56481
42099
46179
46194
58467
58482
62562
42195
46227
46290
58515
58578
62610
42225
46257
46305
58545
58593
62625
44115
47187
48210
59475
60498
63570
44145
47217
48225
59505
60513
63585
44241
47313
48273
59601
60561
63633
22716
22764
22776
23724
23736
23784
25788
25836
25848
29868
29880
29928
26748
27756
27768
30828
30840
31848
26844
27804
27864
30876
30936
31896
26868
27828
27876
30900
30948
31908
38076
38124
38136
54444
54456
54504
39036
40044
40056
55404
55416
56424
39132
40092
40152
55452
55512
56472
39156
40116
40164
55476
55524
56484
42108
46188
46200
58476
58488
62568
42204
46236
46296
58524
58584
62616
42228
46260
46308
58548
58596
62628
44124
47196
48216
59484
60504
63576
44148
47220
48228
59508
60516
63588
44244
47316
48276
59604
60564
63636
23055
23307
23310
24075
24078
24330
26127
26379
26382
30219
30222
30474
26895
27915
27918
30987
30990
32010
27399
28167
28422
31239
31494
32262
27405
28173
28425
31245
31497
32265
38415
38667
38670
54795
54798
55050
39183
40203
40206
55563
55566
56586
39687
40455
40710
55815
56070
56838
39693
40461
40713
55821
56073
56841
42255
46347
46350
58635
58638
62730
42759
46599
46854
58887
59142
62982
42765
46605
46857
58893
59145
62985
44295
47367
48390
59655
60678
63750
44301
47373
48393
59661
60681
63753
44805
47877
48645
60165
60933
64005
23091
23331
23346
24099
24114
24354
26163
26403
26418
30243
30258
30498
26931
27939
27954
31011
31026
32034
27411
28179
28434
31251
31506
32274
27441
28209
28449
31281
31521
32289
38451
38691
38706
54819
54834
55074
39219
40227
40242
55587
55602
56610
39699
40467
40722
55827
56082
56850
39729
40497
40737
55857
56097
56865
42291
46371
46386
58659
58674
62754
42771
46611
46866
58899
59154
62994
42801
46641
46881
58929
59169
63009
44307
47379
48402
59667
60690
63762
44337
47409
48417
59697
60705
63777
44817
47889
48657
60177
60945
64017
23100
23340
23352
24108
24120
24360
26172
26412
26424
30252
30264
30504
26940
27948
27960
31020
31032
32040
27420
28188
28440
31260
31512
32280
27444
28212
28452
31284
31524
32292
38460
38700
38712
54828
54840
55080
39228
40236
40248
55596
55608
56616
39708
40476
40728
55836
56088
56856
39732
40500
40740
55860
56100
56868
42300
46380
46392
58668
58680
62760
42780
46620
46872
58908
59160
63000
42804
46644
46884
58932
59172
63012
44316
47388
48408
59676
60696
63768
44340
47412
48420
59700
60708
63780
44820
47892
48660
60180
60948
64020
23235
23427
23490
24195
24258
24450
26307
26499
26562
30339
30402
30594
27075
28035
28098
31107
31170
32130
27459
28227
28482
31299
31554
32322
27585
28353
28545
31425
31617
32385
38595
38787
38850
54915
54978
55170
39363
40323
40386
55683
55746
56706
39747
40515
40770
55875
56130
56898
39873
40641
40833
56001
56193
56961
42435
46467
46530
58755
58818
62850
42819
46659
46914
58947
59202
63042
42945
46785
46977
59073
59265
63105
44355
47427
48450
59715
60738
63810
44481
47553
48513
59841
60801
63873
44865
47937
48705
60225
60993
64065
23244
23436
23496
24204
24264
24456
26316
26508
26568
30348
30408
30600
27084
28044
28104
31116
31176
32136
27468
28236
28488
31308
31560
32328
27588
28356
28548
31428
31620
32388
38604
38796
38856
54924
54984
55176
39372
40332
40392
55692
55752
56712
39756
40524
40776
55884
56136
56904
39876
40644
40836
56004
56196
56964
42444
46476
46536
58764
58824
62856
42828
46668
46920
58956
59208
63048
42948
46788
46980
59076
59268
63108
44364
47436
48456
59724
60744
63816
44484
47556
48516
59844
60804
63876
44868
47940
48708
60228
60996
64068
23280
23472
23520
24240
24288
24480
26352
26544
26592
30384
30432
30624
27120
28080
28128
31152
31200
32160
27504
28272
28512
31344
31584
32352
27600
28368
28560
31440
31632
32400
38640
38832
38880
54960
55008
55200
39408
40368
40416
55728
55776
56736
39792
40560
40800
55920
56160
56928
39888
40656
40848
56016
56208
56976
42480
46512
46560
58800
58848
62880
42864
46704
46944
58992
59232
63072
42960
46800
46992
59088
59280
63120
44400
47472
48480
59760
60768
63840
44496
47568
48528
59856
60816
63888
44880
47952
48720
60240
61008
64080